600000
600000
600000
600000
600000
600000
600000
600000
600000
600000
600000
600000
600000
600000
600000
600000
600000
600000
600000
600000
600000
600000
600000
600000
600000
600000
600000
600000
600000
600000
600000
600000
600000
600000
600000
600000
600000
600000
600000
600000
5197
600000
600000
600000
600000
600000
600000
600000
600000
600000
2311
600000
600000
600000
600000
600000
600000
600000
600000
600000
600000
600000
600000
600000
600000
600000
600000
600000
600000
600000
600000
600000
600000
600000
600000
600000
600000
600000
600000
600000
600000
600000
600000
600000
600000
600000
600000
600000
600000
600000
600000
600000
600000
600000
600000
600000
600000
600000
600000
600000
600000
600000
600000
600000
600000
600000
600000
600000
600000
600000
600000
600000
600000
600000
600000
600000
600000
600000
600000
600000
